[
    179, 54,  74,  187, 14,  184, 202, 70,  93,  177, 239, 81,  209, 128, 173, 154, 
    183, 253, 163, 230, 23,  47,  6,   247, 171, 212, 7,   38,  192, 249, 178, 27, 
    152, 110, 165, 215, 168, 191, 226, 112, 55,  22,  237, 36,  89,  50,  220, 67, 
    45,  46,  111, 246, 124, 207, 136, 195, 2,   114, 186, 156, 176, 34,  233, 19, 
    222, 218, 148, 147, 32,  52,  37,  59,  255, 172, 126, 95,  145, 185, 39,  28, 
    53,  127, 62,  146, 248, 3,   102, 115, 223, 194, 29,  198, 123, 181, 162, 84, 
    169, 9,   150, 149, 83,  4,   155, 129, 96,  235, 82,  140, 159, 229, 51,  201, 
    48,  142, 30,  107, 241, 244, 153, 61,  103, 105, 88,  245, 132, 66,  16,  214, 
    206, 203, 138, 80,  175, 10,  76,  78,  26,  189, 60,  21,  211, 98,  193, 108, 
    144, 130, 100, 85,  104, 131, 42,  225, 161, 182, 41,  57,  87,  174, 86,  125, 
    219, 71,  252, 17,  190, 79,  15,  217, 224, 24,  33,  204, 157, 210, 75,  109, 
    49,  94,  77,  238, 221, 197, 151, 121, 101, 18,  199, 119, 97,  170, 44,  250, 
    213, 13,  122, 196, 139, 242, 65,  73,  227, 167, 68,  58,  216, 99,  35,  11, 
    64,  116, 180, 43,  25,  40,  118, 135, 120, 164, 12,  72,  69,  5,   92,  188, 
    254, 134, 56,  160, 113, 141, 200, 243, 232, 228, 63,  166, 143, 208, 31,  106, 
    158, 1,   20,  90,  240, 251, 133, 0,   137, 236, 234, 117, 205, 231, 8,   91, 
]
